Year,stand,volume,stand_type,volume_class,growth_5yr
2024,H1A-N,6.2,H,Low,NA
2029,H1A-N,7.1,H,Low,0.8999999999999995
2034,H1A-N,8.9,H,Low,1.8000000000000007
2039,H1A-N,11.5,H,Low,2.5999999999999996
2044,H1A-N,12.4,H,Medium,0.9000000000000004
2049,H1A-N,14.2,H,Medium,1.799999999999999
2054,H1A-N,15,H,Medium,0.8000000000000007
2059,H1A-N,15.9,H,Medium,0.9000000000000004
2064,H1A-N,17,H,Medium,1.0999999999999996
2069,H1A-N,19.4,H,Medium,2.3999999999999986
2074,H1A-N,23.6,H,High,4.200000000000003
2079,H1A-N,28.5,H,High,4.899999999999999
2084,H1A-N,29.7,H,High,1.1999999999999993
2089,H1A-N,31.3,H,High,1.6000000000000014
2094,H1A-N,33.1,H,High,1.8000000000000007
2099,H1A-N,34.1,H,High,1
2104,H1A-N,35,H,High,0.8999999999999986
2109,H1A-N,36.8,H,High,1.7999999999999972
2024,H1C-N,2.2,H,Low,NA
2029,H1C-N,2.6,H,Low,0.3999999999999999
2034,H1C-N,3.8,H,Low,1.1999999999999997
2039,H1C-N,4.6,H,Low,0.7999999999999998
2044,H1C-N,6,H,Low,1.4000000000000004
2049,H1C-N,10.6,H,Low,4.6
2054,H1C-N,15,H,Medium,4.4
2059,H1C-N,18.7,H,Medium,3.6999999999999993
2064,H1C-N,21.4,H,Medium,2.6999999999999993
2069,H1C-N,24,H,High,2.6000000000000014
2074,H1C-N,26.4,H,High,2.3999999999999986
2079,H1C-N,30.2,H,High,3.8000000000000007
2084,H1C-N,33,H,High,2.8000000000000007
2089,H1C-N,35.3,H,High,2.299999999999997
2094,H1C-N,38.1,H,High,2.8000000000000043
2099,H1C-N,41,H,High,2.8999999999999986
2104,H1C-N,42.6,H,High,1.6000000000000014
2109,H1C-N,44.5,H,High,1.8999999999999986
2024,H2A-N,22.6,H,High,NA
2029,H2A-N,25.1,H,High,2.5
2034,H2A-N,27.9,H,High,2.799999999999997
2039,H2A-N,30.8,H,High,2.900000000000002
2044,H2A-N,34.9,H,High,4.099999999999998
2049,H2A-N,37.7,H,High,2.8000000000000043
2054,H2A-N,40.2,H,High,2.5
2059,H2A-N,42.5,H,High,2.299999999999997
2064,H2A-N,45.1,H,High,2.6000000000000014
2069,H2A-N,48.1,H,High,3
2074,H2A-N,51.1,H,High,3
2079,H2A-N,53.5,H,High,2.3999999999999986
2084,H2A-N,56.5,H,High,3
2089,H2A-N,59,H,High,2.5
2094,H2A-N,61.8,H,High,2.799999999999997
2099,H2A-N,64.1,H,High,2.299999999999997
2104,H2A-N,66.1,H,High,2
2109,H2A-N,68.1,H,High,2
2024,H2B-N,8.9,H,Low,NA
2029,H2B-N,11.4,H,Low,2.5
2034,H2B-N,15.1,H,Medium,3.6999999999999993
2039,H2B-N,18.7,H,Medium,3.5999999999999996
2044,H2B-N,21.9,H,Medium,3.1999999999999993
2049,H2B-N,27.3,H,High,5.400000000000002
2054,H2B-N,30.4,H,High,3.099999999999998
2059,H2B-N,32.1,H,High,1.7000000000000028
2064,H2B-N,33.8,H,High,1.6999999999999957
2069,H2B-N,35.8,H,High,2
2074,H2B-N,37.5,H,High,1.7000000000000028
2079,H2B-N,38.9,H,High,1.3999999999999986
2084,H2B-N,41.6,H,High,2.700000000000003
2089,H2B-N,43.2,H,High,1.6000000000000014
2094,H2B-N,45.7,H,High,2.5
2099,H2B-N,47.4,H,High,1.6999999999999957
2104,H2B-N,49.6,H,High,2.200000000000003
2109,H2B-N,51.2,H,High,1.6000000000000014
2024,H2C-N,5.4,H,Low,NA
2029,H2C-N,7.1,H,Low,1.6999999999999993
2034,H2C-N,9.7,H,Low,2.5999999999999996
2039,H2C-N,13,H,Medium,3.3000000000000007
2044,H2C-N,15.1,H,Medium,2.0999999999999996
2049,H2C-N,17,H,Medium,1.9000000000000004
2054,H2C-N,19.6,H,Medium,2.6000000000000014
2059,H2C-N,21.6,H,Medium,2
2064,H2C-N,23.6,H,High,2
2069,H2C-N,26.6,H,High,3
2074,H2C-N,28.7,H,High,2.099999999999998
2079,H2C-N,30.2,H,High,1.5
2084,H2C-N,32.3,H,High,2.099999999999998
2089,H2C-N,34.2,H,High,1.9000000000000057
2094,H2C-N,37.6,H,High,3.3999999999999986
2099,H2C-N,39.4,H,High,1.7999999999999972
2104,H2C-N,43,H,High,3.6000000000000014
2109,H2C-N,45.1,H,High,2.1000000000000014
2024,H2D-N,6.3,H,Low,NA
2029,H2D-N,8.2,H,Low,1.8999999999999995
2034,H2D-N,11.9,H,Low,3.700000000000001
2039,H2D-N,13.7,H,Medium,1.799999999999999
2044,H2D-N,16.1,H,Medium,2.400000000000002
2049,H2D-N,19.1,H,Medium,3
2054,H2D-N,23.2,H,High,4.099999999999998
2059,H2D-N,26.6,H,High,3.400000000000002
2064,H2D-N,29.6,H,High,3
2069,H2D-N,31.5,H,High,1.8999999999999986
2074,H2D-N,33.9,H,High,2.3999999999999986
2079,H2D-N,36,H,High,2.1000000000000014
2084,H2D-N,39,H,High,3
2089,H2D-N,42.1,H,High,3.1000000000000014
2094,H2D-N,44.7,H,High,2.6000000000000014
2099,H2D-N,47.1,H,High,2.3999999999999986
2104,H2D-N,49.8,H,High,2.6999999999999957
2109,H2D-N,52.3,H,High,2.5
2024,H3A-N,29.8,H,High,NA
2029,H3A-N,31.4,H,High,1.5999999999999979
2034,H3A-N,33.8,H,High,2.3999999999999986
2039,H3A-N,36,H,High,2.200000000000003
2044,H3A-N,38.2,H,High,2.200000000000003
2049,H3A-N,41.1,H,High,2.8999999999999986
2054,H3A-N,43.7,H,High,2.6000000000000014
2059,H3A-N,46.4,H,High,2.6999999999999957
2064,H3A-N,49.3,H,High,2.8999999999999986
2069,H3A-N,51.3,H,High,2
2074,H3A-N,53,H,High,1.7000000000000028
2079,H3A-N,54.5,H,High,1.5
2084,H3A-N,56.5,H,High,2
2089,H3A-N,58.4,H,High,1.8999999999999986
2094,H3A-N,60.1,H,High,1.7000000000000028
2099,H3A-N,61.9,H,High,1.7999999999999972
2104,H3A-N,64,H,High,2.1000000000000014
2109,H3A-N,65.7,H,High,1.7000000000000028
2024,H3B-N,29.8,H,High,NA
2029,H3B-N,31.6,H,High,1.8000000000000007
2034,H3B-N,34.2,H,High,2.6000000000000014
2039,H3B-N,36.9,H,High,2.6999999999999957
2044,H3B-N,39.5,H,High,2.6000000000000014
2049,H3B-N,42.3,H,High,2.799999999999997
2054,H3B-N,44.7,H,High,2.4000000000000057
2059,H3B-N,47.4,H,High,2.6999999999999957
2064,H3B-N,49.7,H,High,2.3000000000000043
2069,H3B-N,51.9,H,High,2.1999999999999957
2074,H3B-N,54.1,H,High,2.200000000000003
2079,H3B-N,55.9,H,High,1.7999999999999972
2084,H3B-N,58,H,High,2.1000000000000014
2089,H3B-N,59.9,H,High,1.8999999999999986
2094,H3B-N,61.9,H,High,2
2099,H3B-N,63.4,H,High,1.5
2104,H3B-N,65.4,H,High,2.000000000000007
2109,H3B-N,67.1,H,High,1.6999999999999886
2024,H3B-N-H,19.8,HS,Medium,NA
2029,H3B-N-H,22.3,HS,High,2.5
2034,H3B-N-H,25.9,HS,High,3.599999999999998
2039,H3B-N-H,28,HS,High,2.1000000000000014
2044,H3B-N-H,30.3,HS,High,2.3000000000000007
2049,H3B-N-H,32.6,HS,High,2.3000000000000007
2054,H3B-N-H,35,HS,High,2.3999999999999986
2059,H3B-N-H,37.3,HS,High,2.299999999999997
2064,H3B-N-H,39.6,HS,High,2.3000000000000043
2069,H3B-N-H,41.6,HS,High,2
2074,H3B-N-H,44.2,HS,High,2.6000000000000014
2079,H3B-N-H,46.7,HS,High,2.5
2084,H3B-N-H,49,HS,High,2.299999999999997
2089,H3B-N-H,51.4,HS,High,2.3999999999999986
2094,H3B-N-H,53.7,HS,High,2.3000000000000043
2099,H3B-N-H,55.6,HS,High,1.8999999999999986
2104,H3B-N-H,57.7,HS,High,2.1000000000000014
2109,H3B-N-H,59.8,HS,High,2.0999999999999943
2024,H3C-N,19.7,H,Medium,NA
2029,H3C-N,21.2,H,Medium,1.5
2034,H3C-N,23.5,H,High,2.3000000000000007
2039,H3C-N,25.8,H,High,2.3000000000000007
2044,H3C-N,28.2,H,High,2.3999999999999986
2049,H3C-N,30.7,H,High,2.5
2054,H3C-N,33.5,H,High,2.8000000000000007
2059,H3C-N,36.3,H,High,2.799999999999997
2064,H3C-N,38.7,H,High,2.4000000000000057
2069,H3C-N,40.8,H,High,2.0999999999999943
2074,H3C-N,43.1,H,High,2.3000000000000043
2079,H3C-N,45.6,H,High,2.5
2084,H3C-N,47.9,H,High,2.299999999999997
2089,H3C-N,49.8,H,High,1.8999999999999986
2094,H3C-N,51.7,H,High,1.9000000000000057
2099,H3C-N,53.8,H,High,2.0999999999999943
2104,H3C-N,55.4,H,High,1.6000000000000014
2109,H3C-N,57.3,H,High,1.8999999999999986
2024,H3C-N-H,15.3,HS,Medium,NA
2029,H3C-N-H,17.4,HS,Medium,2.099999999999998
2034,H3C-N-H,20.3,HS,Medium,2.900000000000002
2039,H3C-N-H,22,HS,Medium,1.6999999999999993
2044,H3C-N-H,23.9,HS,High,1.8999999999999986
2049,H3C-N-H,26.8,HS,High,2.900000000000002
2054,H3C-N-H,30.8,HS,High,4
2059,H3C-N-H,34.6,HS,High,3.8000000000000007
2064,H3C-N-H,37.4,HS,High,2.799999999999997
2069,H3C-N-H,39.8,HS,High,2.3999999999999986
2074,H3C-N-H,42.5,HS,High,2.700000000000003
2079,H3C-N-H,44.9,HS,High,2.3999999999999986
2084,H3C-N-H,47.1,HS,High,2.200000000000003
2089,H3C-N-H,49.6,HS,High,2.5
2094,H3C-N-H,51.9,HS,High,2.299999999999997
2099,H3C-N-H,54,HS,High,2.1000000000000014
2104,H3C-N-H,55.9,HS,High,1.8999999999999986
2109,H3C-N-H,58.1,HS,High,2.200000000000003
2024,H3D-N,16.8,H,Medium,NA
2029,H3D-N,18.2,H,Medium,1.3999999999999986
2034,H3D-N,22.3,H,High,4.100000000000001
2039,H3D-N,26,H,High,3.6999999999999993
2044,H3D-N,29.7,H,High,3.6999999999999993
2049,H3D-N,34,H,High,4.300000000000001
2054,H3D-N,38.2,H,High,4.200000000000003
2059,H3D-N,42.1,H,High,3.8999999999999986
2064,H3D-N,45.8,H,High,3.6999999999999957
2069,H3D-N,48.7,H,High,2.9000000000000057
2074,H3D-N,50.9,H,High,2.1999999999999957
2079,H3D-N,52.8,H,High,1.8999999999999986
2084,H3D-N,55,H,High,2.200000000000003
2089,H3D-N,56.9,H,High,1.8999999999999986
2094,H3D-N,58.4,H,High,1.5
2099,H3D-N,59.9,H,High,1.5
2104,H3D-N,61.4,H,High,1.5
2109,H3D-N,62.8,H,High,1.3999999999999986
2024,H3D-N-H,12.3,HS,Medium,NA
2029,H3D-N-H,13.7,HS,Medium,1.3999999999999986
2034,H3D-N-H,16.1,HS,Medium,2.400000000000002
2039,H3D-N-H,18.4,HS,Medium,2.299999999999997
2044,H3D-N-H,21.3,HS,Medium,2.900000000000002
2049,H3D-N-H,24.1,HS,High,2.8000000000000007
2054,H3D-N-H,28,HS,High,3.8999999999999986
2059,H3D-N-H,32,HS,High,4
2064,H3D-N-H,35.3,HS,High,3.299999999999997
2069,H3D-N-H,38.4,HS,High,3.1000000000000014
2074,H3D-N-H,41.5,HS,High,3.1000000000000014
2079,H3D-N-H,44.4,HS,High,2.8999999999999986
2084,H3D-N-H,47,HS,High,2.6000000000000014
2089,H3D-N-H,49.6,HS,High,2.6000000000000014
2094,H3D-N-H,52,HS,High,2.3999999999999986
2099,H3D-N-H,54.5,HS,High,2.5
2104,H3D-N-H,57,HS,High,2.5
2109,H3D-N-H,59.2,HS,High,2.200000000000003
2024,H4A-N,29.8,H,High,NA
2029,H4A-N,31.6,H,High,1.8000000000000007
2034,H4A-N,33.2,H,High,1.6000000000000014
2039,H4A-N,35.9,H,High,2.6999999999999957
2044,H4A-N,38.3,H,High,2.3999999999999986
2049,H4A-N,41.4,H,High,3.1000000000000014
2054,H4A-N,45,H,High,3.6000000000000014
2059,H4A-N,48.7,H,High,3.700000000000003
2064,H4A-N,52.5,H,High,3.799999999999997
2069,H4A-N,54.9,H,High,2.3999999999999986
2074,H4A-N,57.2,H,High,2.3000000000000043
2079,H4A-N,61.5,H,High,4.299999999999997
2084,H4A-N,63,H,High,1.5
2089,H4A-N,65.7,H,High,2.700000000000003
2094,H4A-N,68,H,High,2.299999999999997
2099,H4A-N,70.4,H,High,2.4000000000000057
2104,H4A-N,72.4,H,High,2
2109,H4A-N,74,H,High,1.5999999999999943
2024,H4A-N-H,30.3,HS,High,NA
2029,H4A-N-H,32.1,HS,High,1.8000000000000007
2034,H4A-N-H,34.6,HS,High,2.5
2039,H4A-N-H,37,HS,High,2.3999999999999986
2044,H4A-N-H,40.4,HS,High,3.3999999999999986
2049,H4A-N-H,42.5,HS,High,2.1000000000000014
2054,H4A-N-H,45.2,HS,High,2.700000000000003
2059,H4A-N-H,47.7,HS,High,2.5
2064,H4A-N-H,49.9,HS,High,2.1999999999999957
2069,H4A-N-H,51.6,HS,High,1.7000000000000028
2074,H4A-N-H,54.3,HS,High,2.6999999999999957
2079,H4A-N-H,57,HS,High,2.700000000000003
2084,H4A-N-H,59.6,HS,High,2.6000000000000014
2089,H4A-N-H,62.6,HS,High,3
2094,H4A-N-H,65.7,HS,High,3.1000000000000014
2099,H4A-N-H,68.7,HS,High,3
2104,H4A-N-H,70.6,HS,High,1.8999999999999915
2109,H4A-N-H,73.7,HS,High,3.1000000000000085
2024,H4B-N,30.7,H,High,NA
2029,H4B-N,32,H,High,1.3000000000000007
2034,H4B-N,34.2,H,High,2.200000000000003
2039,H4B-N,36.1,H,High,1.8999999999999986
2044,H4B-N,38.1,H,High,2
2049,H4B-N,39.8,H,High,1.6999999999999957
2054,H4B-N,42.4,H,High,2.6000000000000014
2059,H4B-N,45.6,H,High,3.200000000000003
2064,H4B-N,47.5,H,High,1.8999999999999986
2069,H4B-N,49.4,H,High,1.8999999999999986
2074,H4B-N,51.4,H,High,2
2079,H4B-N,53.5,H,High,2.1000000000000014
2084,H4B-N,55.4,H,High,1.8999999999999986
2089,H4B-N,57.4,H,High,2
2094,H4B-N,59.2,H,High,1.8000000000000043
2099,H4B-N,61.4,H,High,2.1999999999999957
2104,H4B-N,63.4,H,High,2
2109,H4B-N,65.6,H,High,2.1999999999999957
2024,H4C-N,27.9,H,High,NA
2029,H4C-N,29.4,H,High,1.5
2034,H4C-N,32,H,High,2.6000000000000014
2039,H4C-N,34.3,H,High,2.299999999999997
2044,H4C-N,36.9,H,High,2.6000000000000014
2049,H4C-N,39.4,H,High,2.5
2054,H4C-N,41.9,H,High,2.5
2059,H4C-N,44.6,H,High,2.700000000000003
2064,H4C-N,46.7,H,High,2.1000000000000014
2069,H4C-N,48.6,H,High,1.8999999999999986
2074,H4C-N,50.9,H,High,2.299999999999997
2079,H4C-N,53.5,H,High,2.6000000000000014
2084,H4C-N,55.3,H,High,1.7999999999999972
2089,H4C-N,57.6,H,High,2.3000000000000043
2094,H4C-N,59.6,H,High,2
2099,H4C-N,62,H,High,2.3999999999999986
2104,H4C-N,63.7,H,High,1.7000000000000028
2109,H4C-N,65.6,H,High,1.8999999999999915
2024,H4C-N-H,22.7,HS,High,NA
2029,H4C-N-H,24.8,HS,High,2.1000000000000014
2034,H4C-N-H,27.3,HS,High,2.5
2039,H4C-N-H,30,HS,High,2.6999999999999993
2044,H4C-N-H,32.7,HS,High,2.700000000000003
2049,H4C-N-H,33.3,HS,High,0.5999999999999943
2054,H4C-N-H,34.3,HS,High,1
2059,H4C-N-H,35.3,HS,High,1
2064,H4C-N-H,36.8,HS,High,1.5
2069,H4C-N-H,38.5,HS,High,1.7000000000000028
2074,H4C-N-H,40,HS,High,1.5
2079,H4C-N-H,41.8,HS,High,1.7999999999999972
2084,H4C-N-H,44,HS,High,2.200000000000003
2089,H4C-N-H,46.1,HS,High,2.1000000000000014
2094,H4C-N-H,48,HS,High,1.8999999999999986
2099,H4C-N-H,50.5,HS,High,2.5
2104,H4C-N-H,52.7,HS,High,2.200000000000003
2109,H4C-N-H,54.4,HS,High,1.6999999999999957
2024,H4D-N,14.7,H,Medium,NA
2029,H4D-N,17.4,H,Medium,2.6999999999999993
2034,H4D-N,20.7,H,Medium,3.3000000000000007
2039,H4D-N,24.7,H,High,4
2044,H4D-N,29.6,H,High,4.900000000000002
2049,H4D-N,33.4,H,High,3.799999999999997
2054,H4D-N,37.3,H,High,3.8999999999999986
2059,H4D-N,40.6,H,High,3.3000000000000043
2064,H4D-N,44.1,H,High,3.5
2069,H4D-N,46.7,H,High,2.6000000000000014
2074,H4D-N,49.5,H,High,2.799999999999997
2079,H4D-N,52.3,H,High,2.799999999999997
2084,H4D-N,54.5,H,High,2.200000000000003
2089,H4D-N,56.4,H,High,1.8999999999999986
2094,H4D-N,58.8,H,High,2.3999999999999986
2099,H4D-N,60.8,H,High,2
2104,H4D-N,62.7,H,High,1.9000000000000057
2109,H4D-N,64.2,H,High,1.5
